camera_matrix:
- [1191.1077643227281, 0.0, 646.7275185211981]
- [0.0, 1186.266646134349, 370.233192858369]
- [0.0, 0.0, 1.0]
dist_coefs:
- [0.030030633205866897, 0.3093552966275033, 0.009513111158408121, 0.00573101207049748,
  -1.3173749867131026]
rms: 0.8004759154736261
